1 2 723 460 
1 2 460 212 
1 2 460 501 
1 2 501 363 
1 2 363 495 
1 6 723 1081 885 1087 1048 854 
1 4 854 487 533 547 
1 2 495 484 
1 3 854 1122 687 
1 3 687 1111 455 
1 5 672 344 230 282 131 
1 4 131 150 514 252 
1 9 131 3 321 971 986 259 263 1009 205 
1 2 1064 744 
1 4 1064 1114 488 453 
1 3 453 473 471 
1 5 471 537 865 494 369 
1 3 369 1043 80 
1 2 369 548 
1 2 548 508 
1 2 77 981 
1 2 508 404 
1 7 471 551 870 913 810 628 1003 
1 3 508 373 81 
1 3 981 1012 297 
1 4 297 48 215 28 
1 9 81 74 820 301 789 616 419 328 312 
1 2 312 339 
1 3 339 207 409 
1 3 409 477 441 
1 6 441 806 824 831 679 639 
1 3 639 673 625 
1 2 994 850 
1 3 994 856 544 
1 3 544 451 539 
1 5 539 497 58 295 383 
1 3 539 255 273 
1 5 1095 873 1112 499 524 
1 2 524 398 
1 3 398 265 490 
1 7 490 377 144 265 142 41 281 
1 3 237 285 64 
1 3 237 285 135 
1 4 64 67 73 57 
1 2 57 63 
1 2 63 213 
1 2 184 526 
1 3 526 510 410 
1 4 1041 345 428 105 
1 3 1041 392 189 
1 7 189 6 23 248 257 999 802 
1 2 802 367 
1 3 367 920 362 
1 4 362 239 240 201 
1 3 201 380 322 
1 5 322 393 134 168 435 
1 3 1140 722 863 
1 3 1140 868 858 
1 2 863 839 
1 6 1140 912 762 632 1127 888 
1 7 1140 1134 864 543 354 505 101 
1 6 888 1079 894 901 877 1082 
1 2 1082 846 
1 2 846 889 
1 2 889 519 
1 3 101 117 277 
1 9 277 198 978 112 293 308 75 82 55 
1 4 111 337 370 235 
1 2 235 1409 
1 3 59 95 85 
1 6 85 442 163 463 578 276 
1 3 276 317 342 
1 4 85 442 163 103 
1 3 342 860 879 
1 4 879 892 890 909 
1 5 879 1100 634 675 774 
1 3 909 855 840 
1 3 774 675 594 
1 5 103 729 1004 714 735 
1 2 840 843 
1 3 594 641 570 
1 2 843 836 
1 11 840 596 840 684 601 692 757 755 693 641 570 
1 2 623 522 
1 3 522 576 531 
1 5 735 1104 1023 813 799 
1 8 799 813 799 768 1030 1023 862 828 
1 3 988 1015 593 
1 4 988 951 561 564 
1 3 564 540 536 
1 6 988 992 579 589 609 575 
1 2 564 807 
1 3 536 581 586 
1 4 575 606 1034 880 
1 2 880 751 
1 4 880 1034 835 560 
1 2 751 842 
1 5 586 921 927 574 627 
1 3 627 1002 758 
1 2 758 738 
1 4 882 1078 851 841 
1 4 841 886 474 472 
1 3 882 1119 859 
1 2 472 305 
1 3 859 1084 1408 
1 3 718 1091 498 
1 3 498 469 1040 
1 3 498 1038 525 
1 2 1040 88 
1 5 1040 1042 62 803 106 
1 3 106 68 56 
1 4 56 931 386 228 
1 4 906 1097 1046 359 
1 4 906 847 908 1093 
1 4 1093 626 621 618 
1 6 618 621 624 605 686 603 
