1 28
1 55
1 56
1 57
1 59
1 63
1 64
1 77
1 80
1 81
1 85
1 88
1 101
1 103
1 105
1 106
1 111
1 131
1 135
1 184
1 189
1 201
1 205
1 212
1 213
1 228
1 235
1 237
1 252
1 273
1 276
1 277
1 281
1 297
1 305
1 312
1 322
1 339
1 342
1 359
1 362
1 363
1 367
1 369
1 383
1 398
1 404
1 409
1 410
1 435
1 441
1 453
1 455
1 460
1 471
1 472
1 484
1 490
1 495
1 498
1 501
1 508
1 519
1 522
1 524
1 525
1 526
1 531
1 536
1 539
1 544
1 547
1 548
1 560
1 564
1 570
1 575
1 586
1 593
1 594
1 603
1 618
1 623
1 625
1 627
1 639
1 672
1 687
1 718
1 723
1 735
1 738
1 744
1 751
1 758
1 774
1 799
1 802
1 807
1 828
1 836
1 839
1 840
1 841
1 842
1 843
1 846
1 850
1 854
1 858
1 859
1 863
1 879
1 880
1 882
1 888
1 889
1 906
1 909
1 981
1 988
1 994
1 1003
1 1040
1 1041
1 1064
1 1082
1 1093
1 1095
1 1140
1 1408
1 1409
